0.000000 0.165107 0.000365 0.067625 0.003247 0.017500 0.021522 0.064451 0.026746 0.114660 0.164206 0.041399 0.104531 0.009599 0.029589 0.077174 0.053371 0.000913 0.036684 0.064879 0.070521 0.050408 0.000462 0.076260 0.022470 0.009493 0.020408 0.162793 0.129012 0.000128 0.096443 0.155446 0.160100 0.011416 0.113005 0.078156 0.016606 0.008759 0.035049 0.021876 
0.165107 0.000000 0.180970 0.021400 0.214662 0.290111 0.305849 0.435872 0.324756 0.554940 0.000003 0.041159 0.532383 0.095089 0.054906 0.468040 0.030741 0.190571 0.046142 0.022990 0.451437 0.033058 0.183035 0.465786 0.309393 0.253780 0.301609 0.655790 0.586014 0.156068 0.513924 0.640959 0.650372 0.263336 0.551295 0.470455 0.286430 0.097808 0.352295 0.307180 
0.000365 0.180970 0.000000 0.077908 0.001438 0.012819 0.016291 0.055133 0.020873 0.102114 0.180028 0.049527 0.092565 0.013701 0.036515 0.066944 0.062544 0.000125 0.044352 0.074958 0.060756 0.059338 0.000007 0.066092 0.017117 0.006142 0.015323 0.147769 0.115676 0.000922 0.084961 0.140773 0.145200 0.007702 0.100544 0.067857 0.012054 0.012694 0.028272 0.016599 
0.067625 0.021400 0.077908 0.000000 0.100508 0.153925 0.165446 0.264114 0.179427 0.358391 0.021076 0.003203 0.340309 0.026271 0.007751 0.289281 0.000846 0.084250 0.004696 0.000029 0.276261 0.001263 0.079265 0.287510 0.168056 0.127792 0.162331 0.440263 0.383446 0.061886 0.325583 0.428126 0.435826 0.134600 0.355463 0.291180 0.151249 0.027708 0.200041 0.166426 
0.003247 0.214662 0.001438 0.100508 0.000000 0.005671 0.008050 0.038766 0.011355 0.079318 0.213634 0.067834 0.070932 0.024011 0.052440 0.048762 0.082945 0.000717 0.061758 0.097154 0.043504 0.079243 0.001260 0.048036 0.008635 0.001637 0.007374 0.120058 0.091325 0.004660 0.064297 0.113760 0.117746 0.002487 0.077940 0.049542 0.005168 0.022673 0.016961 0.008267 
0.017500 0.290111 0.012819 0.153925 0.005671 0.000000 0.000208 0.014783 0.000977 0.042575 0.288916 0.112730 0.036492 0.053018 0.092599 0.021175 0.131990 0.010419 0.104856 0.149768 0.017761 0.127309 0.012275 0.020698 0.000311 0.001215 0.000112 0.073544 0.051482 0.020612 0.031779 0.068634 0.071738 0.000652 0.041566 0.021691 0.000013 0.051021 0.003018 0.000244 
0.021522 0.305849 0.016291 0.165446 0.008050 0.000208 0.000000 0.011486 0.000284 0.036834 0.304623 0.122619 0.031191 0.059865 0.101581 0.017187 0.142673 0.013571 0.114401 0.161135 0.014127 0.137805 0.015678 0.016757 0.000011 0.002428 0.000015 0.065933 0.045148 0.024960 0.026847 0.061288 0.064223 0.001594 0.035895 0.017652 0.000319 0.057741 0.001641 0.000002 
0.064451 0.435872 0.055133 0.264114 0.038766 0.014783 0.011486 0.000000 0.008160 0.007185 0.434407 0.209158 0.004822 0.123793 0.181379 0.000573 0.235119 0.050025 0.198382 0.258659 0.000137 0.228856 0.054000 0.000497 0.010812 0.024474 0.012326 0.022381 0.011091 0.070307 0.003213 0.019710 0.021392 0.021627 0.006774 0.000660 0.015630 0.120731 0.004445 0.011230 
0.026746 0.324756 0.020873 0.179427 0.011355 0.000977 0.000284 0.008160 0.000000 0.030652 0.323491 0.134693 0.025528 0.068387 0.112597 0.013056 0.155677 0.017777 0.126074 0.174936 0.010408 0.150588 0.020178 0.012682 0.000188 0.004370 0.000429 0.057569 0.038277 0.030563 0.021613 0.053234 0.055974 0.003221 0.029800 0.013462 0.001206 0.066117 0.000562 0.000246 
0.114660 0.554940 0.102114 0.358391 0.079318 0.042575 0.036834 0.007185 0.030652 0.000000 0.553283 0.293840 0.000240 0.190601 0.260738 0.003702 0.324482 0.095113 0.281050 0.352032 0.005345 0.317109 0.100567 0.003908 0.035622 0.058169 0.038327 0.004213 0.000434 0.122427 0.000795 0.003103 0.003799 0.053738 0.000022 0.003494 0.044007 0.186802 0.022932 0.036377 
0.164206 0.000003 0.180028 0.021076 0.213634 0.288916 0.304623 0.434407 0.323491 0.553283 0.000000 0.040707 0.530765 0.094407 0.054389 0.466522 0.030353 0.189602 0.045667 0.022654 0.449947 0.032656 0.182087 0.464273 0.308161 0.252663 0.300390 0.653993 0.584316 0.155191 0.512333 0.639182 0.648584 0.262197 0.549648 0.468933 0.285246 0.097115 0.350980 0.305952 
0.041399 0.041159 0.049527 0.003203 0.067834 0.112730 0.122619 0.209158 0.134693 0.293840 0.040707 0.000000 0.277495 0.011131 0.000992 0.231617 0.000766 0.054605 0.000146 0.002628 0.219984 0.000444 0.050607 0.230034 0.124869 0.090540 0.119939 0.368376 0.316574 0.036936 0.264214 0.357281 0.364322 0.096287 0.291198 0.233318 0.110444 0.012075 0.152631 0.123464 
0.104531 0.532383 0.092565 0.340309 0.070932 0.036492 0.031191 0.004822 0.025528 0.000240 0.530765 0.277495 0.000000 0.177478 0.245347 0.002071 0.307283 0.085909 0.265062 0.334114 0.003336 0.300116 0.091095 0.002224 0.030073 0.051022 0.032566 0.006426 0.001288 0.111955 0.000164 0.005035 0.005903 0.046873 0.000169 0.001915 0.037814 0.173809 0.018525 0.030769 
0.009599 0.095089 0.013701 0.026271 0.024011 0.053018 0.059865 0.123793 0.068387 0.190601 0.094407 0.011131 0.177478 0.000000 0.005483 0.141203 0.017708 0.016431 0.008755 0.024570 0.132152 0.016015 0.014272 0.139967 0.061440 0.038182 0.057998 0.251447 0.208988 0.007517 0.166890 0.242295 0.248099 0.041947 0.188471 0.142532 0.051453 0.000020 0.081329 0.060456 
0.029589 0.054906 0.036515 0.007751 0.052440 0.092599 0.101581 0.181379 0.112597 0.260738 0.054389 0.000992 0.245347 0.005483 0.000000 0.202333 0.003487 0.040895 0.000382 0.006841 0.191469 0.002757 0.037445 0.200852 0.103627 0.072602 0.099143 0.331188 0.282169 0.025837 0.232869 0.320672 0.327342 0.077756 0.258241 0.203923 0.090525 0.006151 0.129042 0.102349 
0.077174 0.468040 0.066944 0.289281 0.048762 0.021175 0.017187 0.000573 0.013056 0.003702 0.466522 0.231617 0.002071 0.141203 0.202333 0.000000 0.258898 0.061301 0.220271 0.283572 0.000151 0.252322 0.065694 0.000003 0.016361 0.032533 0.018212 0.015794 0.006624 0.083570 0.001074 0.013565 0.014966 0.029239 0.003410 0.000004 0.022186 0.137933 0.008208 0.016874 
0.053371 0.030741 0.062544 0.000846 0.082945 0.131990 0.142673 0.235119 0.155677 0.324482 0.030353 0.000766 0.307283 0.017708 0.003487 0.258898 0.000000 0.068242 0.001561 0.000564 0.246586 0.000049 0.063763 0.257221 0.145097 0.107881 0.139780 0.402582 0.348333 0.048285 0.293295 0.390979 0.398333 0.114136 0.321684 0.260692 0.129510 0.018888 0.174915 0.143582 
0.000913 0.190571 0.000125 0.084250 0.000717 0.010419 0.013571 0.050025 0.017777 0.095113 0.189602 0.054605 0.085909 0.016431 0.040895 0.061301 0.068242 0.000000 0.049169 0.081181 0.055389 0.064886 0.000076 0.060488 0.014326 0.004519 0.012689 0.139327 0.108223 0.001722 0.078591 0.132536 0.136837 0.005874 0.093606 0.062177 0.009733 0.015327 0.024650 0.013853 
0.036684 0.046142 0.044352 0.004696 0.061758 0.104856 0.114401 0.198382 0.126074 0.281050 0.045667 0.000146 0.265062 0.008755 0.000382 0.220271 0.001561 0.049169 0.000000 0.003993 0.208927 0.001090 0.045378 0.218725 0.116573 0.083499 0.111812 0.354031 0.303281 0.032489 0.252084 0.343155 0.350051 0.089016 0.278453 0.221928 0.102648 0.009592 0.143444 0.115215 
0.064879 0.022990 0.074958 0.000029 0.097154 0.149768 0.161135 0.258659 0.174936 0.352032 0.022654 0.002628 0.334114 0.024570 0.006841 0.283572 0.000564 0.081181 0.003993 0.000000 0.270681 0.000913 0.076290 0.281818 0.163711 0.124007 0.158060 0.433212 0.376867 0.059259 0.319524 0.421173 0.428811 0.130712 0.349130 0.285451 0.147128 0.025961 0.195298 0.162102 
0.070521 0.451437 0.060756 0.276261 0.043504 0.017761 0.014127 0.000137 0.010408 0.005345 0.449947 0.219984 0.003336 0.132152 0.191469 0.000151 0.246586 0.055389 0.208927 0.270681 0.000000 0.240173 0.059568 0.000112 0.013378 0.028267 0.015056 0.019022 0.008766 0.076640 0.002025 0.016566 0.018109 0.025199 0.004986 0.000196 0.018687 0.128988 0.006139 0.013842 
0.050408 0.033058 0.059338 0.001263 0.079243 0.127309 0.137805 0.228856 0.150588 0.317109 0.032656 0.000444 0.300116 0.016015 0.002757 0.252322 0.000049 0.064886 0.001090 0.000913 0.240173 0.000000 0.060521 0.250670 0.140188 0.103651 0.134964 0.394374 0.340705 0.045471 0.286299 0.382891 0.390178 0.109794 0.314361 0.254098 0.124876 0.017142 0.169521 0.138699 
0.000462 0.183035 0.000007 0.079265 0.001260 0.012275 0.015678 0.054000 0.020178 0.100567 0.182087 0.050607 0.091095 0.014272 0.037445 0.065694 0.063763 0.000076 0.045378 0.076290 0.059568 0.060521 0.000000 0.064852 0.016489 0.005767 0.014729 0.145911 0.114034 0.001075 0.083555 0.138960 0.143362 0.007286 0.099017 0.066601 0.011528 0.013245 0.027463 0.015981 
0.076260 0.465786 0.066092 0.287510 0.048036 0.020698 0.016757 0.000497 0.012682 0.003908 0.464273 0.230034 0.002224 0.139967 0.200852 0.000003 0.257221 0.060488 0.218725 0.281818 0.000112 0.250670 0.064852 0.000000 0.015941 0.031941 0.017769 0.016212 0.006894 0.082619 0.001184 0.013951 0.015370 0.028676 0.003603 0.000012 0.021696 0.136710 0.007911 0.016448 
0.022470 0.309393 0.017117 0.168056 0.008635 0.000311 0.000011 0.010812 0.000188 0.035622 0.308161 0.124869 0.030073 0.061440 0.103627 0.016361 0.145097 0.014326 0.116573 0.163711 0.013378 0.140188 0.016489 0.015941 0.000000 0.002754 0.000051 0.064303 0.043800 0.025981 0.025811 0.059718 0.062614 0.001860 0.034695 0.016815 0.000443 0.059287 0.001392 0.000004 
0.009493 0.253780 0.006142 0.127792 0.001637 0.001215 0.002428 0.024474 0.004370 0.058169 0.252663 0.090540 0.051022 0.038182 0.072602 0.032533 0.107881 0.004519 0.083499 0.124007 0.028267 0.103651 0.005767 0.031941 0.002754 0.000000 0.002064 0.093662 0.068514 0.011820 0.045420 0.088110 0.091624 0.000093 0.056993 0.033172 0.000990 0.036491 0.008062 0.002548 
0.020408 0.301609 0.015323 0.162331 0.007374 0.000112 0.000015 0.012326 0.000429 0.038327 0.300390 0.119939 0.032566 0.057998 0.099143 0.018212 0.139780 0.012689 0.111812 0.158060 0.015056 0.134964 0.014729 0.017769 0.000051 0.002064 0.000000 0.067924 0.046798 0.023758 0.028122 0.063208 0.066187 0.001300 0.037367 0.018689 0.000197 0.055908 0.001969 0.000026 
0.162793 0.655790 0.147769 0.440263 0.120058 0.073544 0.065933 0.022381 0.057569 0.004213 0.653993 0.368376 0.006426 0.251447 0.331188 0.015794 0.402582 0.139327 0.354031 0.433212 0.019022 0.394374 0.145911 0.016212 0.064303 0.093662 0.067924 0.000000 0.001963 0.172024 0.008636 0.000085 0.000015 0.088008 0.004536 0.015355 0.075417 0.247076 0.046772 0.065317 
0.129012 0.586014 0.115676 0.383446 0.091325 0.051482 0.045148 0.011091 0.038277 0.000434 0.584316 0.316574 0.001288 0.208988 0.282169 0.006624 0.348333 0.108223 0.303281 0.376867 0.008766 0.340705 0.114034 0.006894 0.043800 0.068514 0.046798 0.001963 0.000000 0.137244 0.002365 0.001232 0.001677 0.063686 0.000531 0.006339 0.053049 0.205004 0.029574 0.044638 
0.000128 0.156068 0.000922 0.061886 0.004660 0.020612 0.024960 0.070307 0.030563 0.122427 0.155191 0.036936 0.111955 0.007517 0.025837 0.083570 0.048285 0.001722 0.032489 0.059259 0.076640 0.045471 0.001075 0.082619 0.025981 0.011820 0.023758 0.172024 0.137244 0.000000 0.103577 0.164469 0.169254 0.013951 0.120715 0.084591 0.019641 0.006776 0.039401 0.025341 
0.096443 0.513924 0.084961 0.325583 0.064297 0.031779 0.026847 0.003213 0.021613 0.000795 0.512333 0.264214 0.000164 0.166890 0.232869 0.001074 0.293295 0.078591 0.252084 0.319524 0.002025 0.286299 0.083555 0.001184 0.025811 0.045420 0.028122 0.008636 0.002365 0.103577 0.000000 0.007008 0.008024 0.041507 0.000657 0.000960 0.033014 0.163332 0.015214 0.026454 
0.155446 0.640959 0.140773 0.428126 0.113760 0.068634 0.061288 0.019710 0.053234 0.003103 0.639182 0.357281 0.005035 0.242295 0.320672 0.013565 0.390979 0.132536 0.343155 0.421173 0.016566 0.382891 0.138960 0.013951 0.059718 0.088110 0.063208 0.000085 0.001232 0.164469 0.007008 0.000000 0.000037 0.082627 0.003380 0.013157 0.070444 0.238005 0.042874 0.060695 
0.160100 0.650372 0.145200 0.435826 0.117746 0.071738 0.064223 0.021392 0.055974 0.003799 0.648584 0.364322 0.005903 0.248099 0.327342 0.014966 0.398333 0.136837 0.350051 0.428811 0.018109 0.390178 0.143362 0.015370 0.062614 0.091624 0.066187 0.000015 0.001677 0.169254 0.008024 0.000037 0.000000 0.086024 0.004092 0.014536 0.073585 0.243755 0.045333 0.063614 
0.011416 0.263336 0.007702 0.134600 0.002487 0.000652 0.001594 0.021627 0.003221 0.053738 0.262197 0.096287 0.046873 0.041947 0.077756 0.029239 0.114136 0.005874 0.089016 0.130712 0.025199 0.109794 0.007286 0.028676 0.001860 0.000093 0.001300 0.088008 0.063686 0.013951 0.041507 0.082627 0.086024 0.000000 0.052594 0.029841 0.000489 0.040171 0.006466 0.001691 
0.113005 0.551295 0.100544 0.355463 0.077940 0.041566 0.035895 0.006774 0.029800 0.000022 0.549648 0.291198 0.000169 0.188471 0.258241 0.003410 0.321684 0.093606 0.278453 0.349130 0.004986 0.314361 0.099017 0.003603 0.034695 0.056993 0.037367 0.004536 0.000531 0.120715 0.000657 0.003380 0.004092 0.052594 0.000000 0.003204 0.042975 0.184687 0.022187 0.035440 
0.078156 0.470455 0.067857 0.291180 0.049542 0.021691 0.017652 0.000660 0.013462 0.003494 0.468933 0.233318 0.001915 0.142532 0.203923 0.000004 0.260692 0.062177 0.221928 0.285451 0.000196 0.254098 0.066601 0.000012 0.016815 0.033172 0.018689 0.015355 0.006339 0.084591 0.000960 0.013157 0.014536 0.029841 0.003204 0.000000 0.022714 0.139245 0.008530 0.017334 
0.016606 0.286430 0.012054 0.151249 0.005168 0.000013 0.000319 0.015630 0.001206 0.044007 0.285246 0.110444 0.037814 0.051453 0.090525 0.022186 0.129510 0.009733 0.102648 0.147128 0.018687 0.124876 0.011528 0.021696 0.000443 0.000990 0.000197 0.075417 0.053049 0.019641 0.033014 0.070444 0.073585 0.000489 0.042975 0.022714 0.000000 0.049485 0.003405 0.000363 
0.008759 0.097808 0.012694 0.027708 0.022673 0.051021 0.057741 0.120731 0.066117 0.186802 0.097115 0.012075 0.173809 0.000020 0.006151 0.137933 0.018888 0.015327 0.009592 0.025961 0.128988 0.017142 0.013245 0.136710 0.059287 0.036491 0.055908 0.247076 0.205004 0.006776 0.163332 0.238005 0.243755 0.040171 0.184687 0.139245 0.049485 0.000000 0.078850 0.058321 
0.035049 0.352295 0.028272 0.200041 0.016961 0.003018 0.001641 0.004445 0.000562 0.022932 0.350980 0.152631 0.018525 0.081329 0.129042 0.008208 0.174915 0.024650 0.143444 0.195298 0.006139 0.169521 0.027463 0.007911 0.001392 0.008062 0.001969 0.046772 0.029574 0.039401 0.015214 0.042874 0.045333 0.006466 0.022187 0.008530 0.003405 0.078850 0.000000 0.001545 
0.021876 0.307180 0.016599 0.166426 0.008267 0.000244 0.000002 0.011230 0.000246 0.036377 0.305952 0.123464 0.030769 0.060456 0.102349 0.016874 0.143582 0.013853 0.115215 0.162102 0.013842 0.138699 0.015981 0.016448 0.000004 0.002548 0.000026 0.065317 0.044638 0.025341 0.026454 0.060695 0.063614 0.001691 0.035440 0.017334 0.000363 0.058321 0.001545 0.000000 
