0.000000 0.322570 0.016795 0.206439 0.046024 0.104856 0.116615 0.201597 0.130322 0.271440 0.322247 0.162576 0.256848 0.078732 0.137259 0.221158 0.185507 0.024421 0.153223 0.202983 0.210746 0.178613 0.017485 0.219011 0.119844 0.077810 0.114078 0.320719 0.285126 0.010514 0.245965 0.313039 0.351924 0.245553 0.166893 0.318179 0.087245 0.267910 0.221720 0.103336 0.074597 0.149413 0.117812 0.191163 0.131407 0.030385 0.266728 0.153645 0.065638 0.112032 0.291403 0.006536 0.076284 0.065503 0.071424 0.150015 0.244156 0.032573 0.153444 0.091386 0.084004 0.052336 0.212474 0.107996 0.076750 0.157597 0.155638 0.161618 0.051880 0.132975 0.081172 0.058255 0.020627 0.040844 0.325730 0.274121 0.159240 0.313427 0.327836 0.249854 0.294197 0.086152 0.187399 0.228312 0.101433 0.189455 0.305269 0.176877 0.049533 0.077712 0.158723 0.242107 0.134161 0.150085 0.273712 0.062942 0.142338 0.288231 0.403587 0.138816 0.007625 0.186598 0.057293 0.270482 0.522645 0.533110 0.489770 0.305520 0.054439 0.240850 0.089923 0.122857 0.007233 0.041600 0.160798 0.128377 0.030635 0.188645 0.132522 0.017768 0.044418 0.195113 0.262137 0.212292 0.148251 0.158596 0.035250 0.171513 0.064694 0.199064 0.154479 0.306681 0.200787 0.154009 0.273614 0.004547 0.153080 0.140106 0.034169 0.210177 0.178477 0.047612 0.241508 
0.322570 0.000000 0.337220 0.116797 0.367397 0.427178 0.438509 0.523796 0.452467 0.593657 0.002898 0.162369 0.579196 0.245440 0.186537 0.543505 0.140744 0.346276 0.170879 0.120878 0.532293 0.145174 0.339216 0.541223 0.441632 0.400026 0.435206 0.643079 0.606512 0.313584 0.568251 0.635392 0.673934 0.567683 0.488175 0.639408 0.407757 0.588746 0.543729 0.424487 0.248109 0.470775 0.439324 0.512961 0.192249 0.293588 0.588528 0.473996 0.257402 0.432388 0.613565 0.328668 0.398498 0.387804 0.392834 0.172912 0.078555 0.354114 0.171099 0.413314 0.239527 0.272037 0.534625 0.223330 0.397719 0.478583 0.476484 0.482655 0.373423 0.454396 0.402568 0.380244 0.302829 0.362772 0.647537 0.594760 0.479591 0.634297 0.649559 0.570345 0.616126 0.407891 0.509290 0.549458 0.422335 0.510858 0.627220 0.497453 0.371230 0.399695 0.480733 0.563643 0.455885 0.470748 0.595042 0.260038 0.180693 0.036922 0.082112 0.461234 0.329026 0.508396 0.378710 0.053606 0.200633 0.210680 0.167564 0.627868 0.270907 0.083749 0.412271 0.443832 0.327626 0.362509 0.482206 0.449361 0.295321 0.509921 0.453776 0.307258 0.366155 0.128515 0.584148 0.117057 0.175322 0.166543 0.356234 0.492223 0.259917 0.519914 0.475221 0.016665 0.122332 0.169077 0.050377 0.323618 0.174662 0.186673 0.354867 0.117648 0.144149 0.369508 0.563136 
0.016795 0.337220 0.000000 0.222104 0.031264 0.091224 0.102533 0.187863 0.116479 0.257716 0.337268 0.178361 0.243133 0.094651 0.152713 0.207443 0.199178 0.010392 0.167348 0.217405 0.196294 0.194561 0.003273 0.205224 0.105162 0.064034 0.098868 0.307154 0.270318 0.024967 0.232326 0.299465 0.337519 0.231694 0.151980 0.302477 0.071013 0.251698 0.207804 0.087935 0.090364 0.134340 0.102964 0.176450 0.145610 0.046205 0.252113 0.136908 0.080556 0.096037 0.277502 0.012794 0.062559 0.051742 0.056765 0.164564 0.260637 0.018165 0.167684 0.076762 0.098796 0.067585 0.198137 0.121652 0.061369 0.142042 0.139962 0.145507 0.037001 0.117840 0.066019 0.043771 0.034866 0.026275 0.311040 0.258259 0.142824 0.297793 0.313258 0.233144 0.279574 0.071339 0.173019 0.212356 0.085803 0.174388 0.290805 0.160933 0.034761 0.063337 0.144318 0.227650 0.119877 0.133702 0.258345 0.078035 0.157351 0.301879 0.418974 0.125309 0.010637 0.172419 0.042776 0.285091 0.536595 0.546664 0.503671 0.291805 0.070886 0.256665 0.076208 0.106717 0.009901 0.025332 0.145689 0.112184 0.044097 0.173309 0.116944 0.031821 0.029708 0.209322 0.247733 0.225661 0.163286 0.172046 0.019501 0.155628 0.078323 0.182848 0.138763 0.321092 0.216745 0.169486 0.289858 0.018034 0.166701 0.153847 0.017740 0.223549 0.193854 0.032956 0.226584 
0.206439 0.116797 0.222104 0.000000 0.251312 0.311020 0.322943 0.407734 0.336405 0.477585 0.116151 0.046306 0.463287 0.129827 0.071484 0.427414 0.025448 0.230185 0.055658 0.005167 0.416915 0.029446 0.223652 0.425396 0.326172 0.283955 0.319402 0.526864 0.491295 0.197852 0.452220 0.519183 0.558199 0.451621 0.373062 0.523538 0.292509 0.473174 0.427499 0.309482 0.132619 0.355582 0.323864 0.397472 0.076709 0.177873 0.473056 0.358908 0.142573 0.317584 0.497798 0.212355 0.282429 0.271713 0.276936 0.058206 0.038856 0.238742 0.055705 0.297825 0.123873 0.156750 0.418911 0.107940 0.282896 0.363877 0.361806 0.366905 0.257107 0.338056 0.286180 0.264589 0.187706 0.247283 0.532058 0.479708 0.364504 0.519030 0.534098 0.455229 0.500637 0.292419 0.393801 0.433589 0.307420 0.395624 0.511597 0.382641 0.255789 0.283939 0.365033 0.448075 0.340244 0.355349 0.479143 0.144984 0.065098 0.082327 0.197455 0.344961 0.212706 0.392830 0.262828 0.065309 0.316525 0.327038 0.283685 0.511777 0.154816 0.035228 0.296180 0.328121 0.212899 0.246976 0.366717 0.333745 0.180205 0.394307 0.337898 0.191587 0.250627 0.012960 0.468465 0.006296 0.059223 0.051455 0.240625 0.377517 0.144801 0.404328 0.360539 0.101145 0.006872 0.053772 0.068203 0.208501 0.059376 0.071370 0.239497 0.004205 0.028846 0.254019 0.447789 
0.046024 0.367397 0.031264 0.251312 0.000000 0.060330 0.071990 0.156610 0.085298 0.226525 0.366598 0.207193 0.212379 0.124102 0.182838 0.176373 0.230077 0.021654 0.197958 0.247309 0.165808 0.223712 0.028818 0.174715 0.075187 0.032896 0.068369 0.275898 0.240164 0.054864 0.201452 0.268265 0.307503 0.200518 0.121959 0.272745 0.041703 0.222254 0.176712 0.058393 0.120015 0.104480 0.072904 0.146563 0.176126 0.076336 0.222094 0.107990 0.110571 0.066471 0.246889 0.041580 0.031365 0.020672 0.025942 0.195066 0.289805 0.014532 0.198180 0.046926 0.128942 0.097985 0.168233 0.152707 0.031923 0.112788 0.110627 0.116055 0.006363 0.087072 0.035398 0.013888 0.065579 0.007386 0.281139 0.228701 0.113532 0.267860 0.283141 0.204348 0.249728 0.041510 0.142892 0.182809 0.056331 0.144459 0.260800 0.131552 0.005056 0.033423 0.114333 0.197141 0.089335 0.104379 0.228441 0.107925 0.187147 0.332888 0.448259 0.094121 0.039941 0.141889 0.011525 0.315933 0.567528 0.577870 0.534758 0.260735 0.099795 0.285574 0.045138 0.077232 0.040604 0.007400 0.115808 0.082863 0.075200 0.143405 0.087180 0.062476 0.003383 0.240101 0.217739 0.256751 0.193096 0.203096 0.012802 0.126428 0.109314 0.153440 0.109376 0.351558 0.246472 0.199326 0.318830 0.049163 0.197815 0.184763 0.015176 0.254729 0.223512 0.003115 0.196738 
0.104856 0.427178 0.091224 0.311020 0.060330 0.000000 0.011923 0.096871 0.025537 0.166731 0.426783 0.267070 0.152267 0.183495 0.241908 0.116540 0.289994 0.081231 0.257917 0.307554 0.105997 0.283323 0.088168 0.114385 0.015152 0.028273 0.009258 0.215990 0.180377 0.115091 0.141202 0.208310 0.247241 0.140768 0.062144 0.213359 0.022690 0.163090 0.116865 0.003994 0.179303 0.044664 0.013036 0.086451 0.236075 0.135168 0.162036 0.048825 0.170246 0.007212 0.186777 0.100895 0.034163 0.041829 0.036014 0.254672 0.348827 0.073707 0.258140 0.016404 0.188723 0.157099 0.107906 0.212415 0.031023 0.052962 0.050899 0.056821 0.054289 0.028119 0.026611 0.048120 0.125287 0.066407 0.221038 0.169301 0.054421 0.208608 0.223086 0.145145 0.189617 0.020830 0.082780 0.123493 0.005853 0.084706 0.200577 0.072169 0.057205 0.028957 0.054084 0.137344 0.029425 0.045266 0.168957 0.167487 0.246880 0.392804 0.508279 0.034147 0.100029 0.081849 0.050056 0.375265 0.627316 0.637829 0.594499 0.200903 0.159081 0.345417 0.018317 0.018037 0.100381 0.067357 0.056044 0.023661 0.135158 0.083937 0.027814 0.122188 0.062490 0.299842 0.157455 0.316717 0.252881 0.263048 0.072698 0.066805 0.169268 0.094245 0.049659 0.411262 0.305586 0.258649 0.378306 0.109058 0.257576 0.244688 0.075071 0.314645 0.283087 0.058442 0.136870 
0.116615 0.438509 0.102533 0.322943 0.071990 0.011923 0.000000 0.085472 0.014132 0.155244 0.438436 0.278683 0.140702 0.195224 0.253272 0.105012 0.301334 0.092922 0.269273 0.319253 0.094271 0.294787 0.099618 0.102942 0.003318 0.039582 0.004076 0.204621 0.168622 0.126807 0.130049 0.196950 0.235597 0.129359 0.050416 0.201796 0.034141 0.151575 0.105870 0.015297 0.190656 0.032984 0.001497 0.074831 0.247440 0.146382 0.150176 0.037315 0.181593 0.007006 0.175071 0.112654 0.045464 0.053102 0.047911 0.265981 0.360585 0.085025 0.269621 0.027354 0.200246 0.168478 0.096308 0.223951 0.042139 0.041306 0.039156 0.045302 0.066095 0.016949 0.038463 0.059418 0.136861 0.077420 0.209149 0.157955 0.042857 0.197076 0.211375 0.133627 0.177739 0.031945 0.070902 0.111929 0.017151 0.072948 0.188868 0.060692 0.068663 0.040255 0.042548 0.125635 0.017995 0.033746 0.157274 0.178781 0.258803 0.404098 0.520202 0.022869 0.111865 0.070103 0.061685 0.386474 0.638842 0.649184 0.606073 0.189374 0.170486 0.357075 0.029590 0.006502 0.111737 0.078666 0.044462 0.012142 0.146515 0.072628 0.016356 0.133722 0.073822 0.311415 0.145882 0.327966 0.264608 0.274346 0.083990 0.055286 0.180629 0.082765 0.038151 0.422571 0.316965 0.269764 0.389770 0.120382 0.269106 0.256040 0.086397 0.325939 0.294634 0.069653 0.125157 
0.201597 0.523796 0.187863 0.407734 0.156610 0.096871 0.085472 0.000000 0.071988 0.069926 0.522963 0.363180 0.055961 0.279324 0.338218 0.019763 0.386647 0.177556 0.354560 0.403720 0.010090 0.379075 0.184651 0.018346 0.083229 0.124208 0.089077 0.119291 0.084390 0.211274 0.045600 0.111658 0.151088 0.043978 0.036125 0.117579 0.119386 0.067356 0.021145 0.100638 0.275943 0.053872 0.084919 0.013063 0.332727 0.231780 0.065679 0.054458 0.266802 0.092334 0.090471 0.197240 0.129706 0.137458 0.132389 0.351311 0.445523 0.169945 0.354779 0.112433 0.285533 0.253708 0.011817 0.309264 0.127060 0.047052 0.049505 0.043031 0.151058 0.070916 0.123065 0.144339 0.222148 0.162563 0.124721 0.073696 0.045422 0.112829 0.127070 0.049449 0.093415 0.116908 0.015160 0.027717 0.102487 0.014429 0.104725 0.028416 0.153950 0.125171 0.044739 0.041573 0.068073 0.055008 0.073212 0.264138 0.343741 0.489454 0.604669 0.063664 0.196331 0.015562 0.146127 0.471805 0.724129 0.734471 0.691360 0.104126 0.254651 0.441586 0.113857 0.082754 0.197024 0.163996 0.042484 0.078671 0.231802 0.016428 0.071826 0.219035 0.158742 0.396702 0.061777 0.413317 0.349698 0.359663 0.169347 0.033565 0.265916 0.005830 0.050209 0.507904 0.401931 0.355081 0.474051 0.205700 0.354393 0.341329 0.171716 0.411295 0.379727 0.154983 0.040786 
0.130322 0.452467 0.116479 0.336405 0.085298 0.025537 0.014132 0.071988 0.000000 0.141439 0.451117 0.291338 0.127759 0.208229 0.267200 0.091609 0.315290 0.106244 0.283231 0.332390 0.081546 0.307617 0.113263 0.090211 0.012180 0.052746 0.017640 0.190971 0.155799 0.139809 0.117074 0.183162 0.222914 0.115292 0.037568 0.188923 0.047929 0.138754 0.092546 0.029224 0.204614 0.020274 0.013516 0.062139 0.261399 0.160514 0.137609 0.024494 0.195484 0.020852 0.162252 0.125522 0.058286 0.065869 0.060578 0.279924 0.374194 0.098987 0.283395 0.041462 0.214204 0.182440 0.083769 0.237862 0.056101 0.028624 0.026425 0.032475 0.079702 0.003572 0.051670 0.073419 0.150819 0.091531 0.196485 0.145114 0.030003 0.184235 0.198554 0.120775 0.165061 0.045876 0.058333 0.099086 0.031100 0.060191 0.176228 0.047979 0.082621 0.054254 0.029952 0.112968 0.005239 0.020904 0.144598 0.192679 0.272412 0.417951 0.532901 0.009112 0.124563 0.057323 0.074307 0.400408 0.652800 0.663143 0.620031 0.175455 0.183212 0.369743 0.042332 0.011227 0.125695 0.092600 0.031753 0.007178 0.160473 0.059859 0.003669 0.147607 0.087784 0.325373 0.133230 0.341787 0.278369 0.288259 0.097916 0.042489 0.194587 0.069996 0.025340 0.436513 0.330927 0.283704 0.402450 0.134247 0.283064 0.269998 0.100290 0.339771 0.308394 0.083629 0.112339 
0.271440 0.593657 0.257716 0.477585 0.226525 0.166731 0.155244 0.069926 0.141439 0.000000 0.592155 0.431451 0.014830 0.348915 0.408077 0.050819 0.456507 0.247407 0.424411 0.473571 0.061457 0.448640 0.254504 0.052852 0.153082 0.193684 0.159003 0.053625 0.020224 0.280989 0.025723 0.046661 0.086409 0.026182 0.105960 0.053455 0.189283 0.007050 0.050373 0.170500 0.345796 0.123732 0.154804 0.082924 0.402579 0.301438 0.006238 0.124309 0.336719 0.162199 0.025826 0.265244 0.195247 0.206109 0.201276 0.421164 0.515374 0.239714 0.424632 0.182015 0.355384 0.323560 0.060107 0.379127 0.196560 0.116914 0.119431 0.112865 0.220937 0.140786 0.192968 0.214155 0.291999 0.232325 0.058445 0.009569 0.115321 0.048703 0.062909 0.028699 0.029026 0.186756 0.084779 0.047197 0.172348 0.084333 0.040095 0.098274 0.223801 0.194817 0.114192 0.030266 0.137934 0.124906 0.008715 0.333999 0.413592 0.559316 0.674034 0.132636 0.265457 0.085410 0.215078 0.541658 0.793980 0.804323 0.761211 0.038236 0.323056 0.510174 0.181770 0.152604 0.266875 0.233849 0.112316 0.148513 0.301653 0.086271 0.141686 0.288900 0.228334 0.466553 0.011271 0.483210 0.419549 0.429541 0.239208 0.103418 0.335767 0.075663 0.120119 0.577766 0.471782 0.424934 0.543417 0.275561 0.424244 0.411191 0.241578 0.481157 0.449580 0.224836 0.031786 
0.322247 0.002898 0.337268 0.116151 0.366598 0.426783 0.438436 0.522963 0.451117 0.592155 0.000000 0.160863 0.578595 0.244897 0.186845 0.542311 0.140166 0.345728 0.170582 0.120059 0.532223 0.144344 0.339108 0.541036 0.441661 0.399032 0.434708 0.642075 0.606613 0.312371 0.567931 0.634224 0.674018 0.566331 0.488368 0.638970 0.407419 0.587926 0.543211 0.424735 0.248075 0.470952 0.439389 0.512945 0.192268 0.293862 0.588612 0.473652 0.258091 0.432890 0.613206 0.327140 0.396973 0.386130 0.391449 0.173484 0.078468 0.354380 0.170274 0.413106 0.239517 0.272227 0.534436 0.222984 0.398436 0.478998 0.477129 0.481840 0.372554 0.452736 0.401062 0.380343 0.303277 0.362586 0.647533 0.595250 0.479510 0.634386 0.649638 0.570227 0.615859 0.407844 0.509202 0.548842 0.422718 0.510943 0.627304 0.497814 0.371346 0.399938 0.480867 0.563553 0.455695 0.470090 0.594339 0.260068 0.180758 0.036836 0.082828 0.459787 0.327045 0.508322 0.377199 0.054452 0.202104 0.212255 0.169668 0.626318 0.269188 0.082091 0.410491 0.443046 0.328331 0.361806 0.482183 0.448321 0.295005 0.509683 0.452542 0.306902 0.366300 0.128605 0.584232 0.116650 0.174286 0.166192 0.355117 0.492711 0.259638 0.519370 0.475918 0.016906 0.122505 0.169059 0.049307 0.323008 0.174303 0.185872 0.354274 0.117188 0.144290 0.369417 0.562941 
0.162576 0.162369 0.178361 0.046306 0.207193 0.267070 0.278683 0.363180 0.291338 0.431451 0.160863 0.000000 0.419044 0.085583 0.027599 0.382857 0.025292 0.185952 0.012011 0.042291 0.372706 0.018134 0.179516 0.381455 0.281895 0.239252 0.275491 0.482309 0.447071 0.153686 0.408192 0.474489 0.514252 0.406551 0.328793 0.479610 0.248896 0.429410 0.383454 0.265275 0.088527 0.311439 0.279566 0.353225 0.033240 0.134124 0.428846 0.315150 0.098465 0.273466 0.453560 0.166704 0.236291 0.226187 0.231804 0.014041 0.084685 0.194804 0.011995 0.253587 0.080263 0.112906 0.374973 0.064497 0.238821 0.319742 0.317484 0.323131 0.213513 0.294182 0.242539 0.220591 0.144007 0.203110 0.487815 0.435777 0.320591 0.474898 0.489881 0.411429 0.456391 0.248204 0.349563 0.389733 0.263235 0.351385 0.467540 0.338527 0.211968 0.240107 0.321072 0.403820 0.296102 0.311567 0.435313 0.100777 0.021411 0.128012 0.242755 0.299899 0.168047 0.348581 0.217337 0.110835 0.362701 0.373043 0.329932 0.466786 0.108838 0.078881 0.250327 0.284319 0.168789 0.203184 0.322484 0.289953 0.136484 0.350463 0.294185 0.148072 0.206722 0.035274 0.424479 0.051930 0.015677 0.007692 0.196834 0.333316 0.101118 0.360600 0.316360 0.146493 0.041444 0.009596 0.112920 0.164773 0.015830 0.027645 0.195766 0.049896 0.018477 0.209780 0.403588 
0.256848 0.579196 0.243133 0.463287 0.212379 0.152267 0.140702 0.055961 0.127759 0.014830 0.578595 0.419044 0.000000 0.334911 0.393359 0.036560 0.441963 0.233259 0.409763 0.459604 0.046902 0.434817 0.239979 0.038195 0.138480 0.179814 0.144405 0.064308 0.029792 0.267056 0.011153 0.057119 0.096027 0.012496 0.091321 0.062999 0.174716 0.012800 0.035986 0.155868 0.331145 0.109208 0.140269 0.068343 0.388036 0.286919 0.010421 0.109739 0.322249 0.147577 0.035290 0.252790 0.184777 0.192881 0.188133 0.406499 0.500909 0.225234 0.409927 0.167298 0.340780 0.308911 0.045515 0.364583 0.182096 0.102246 0.104887 0.098220 0.206476 0.126516 0.178780 0.199645 0.277384 0.217670 0.068949 0.019187 0.100680 0.058308 0.072527 0.013925 0.038384 0.172103 0.070114 0.032565 0.157772 0.069767 0.049866 0.083578 0.209153 0.180355 0.099730 0.015636 0.123311 0.110347 0.018236 0.319213 0.399114 0.544503 0.660403 0.119436 0.252246 0.070810 0.202018 0.527002 0.779437 0.789674 0.746590 0.048688 0.310221 0.497285 0.168773 0.137986 0.252381 0.219133 0.097685 0.133773 0.287154 0.071537 0.127009 0.274348 0.213813 0.451905 0.006907 0.468584 0.404900 0.414994 0.224449 0.088665 0.321266 0.061104 0.105567 0.563058 0.457134 0.410311 0.529812 0.260816 0.409747 0.396529 0.226934 0.466492 0.435047 0.210177 0.016961 
0.078732 0.245440 0.094651 0.129827 0.124102 0.183495 0.195224 0.279324 0.208229 0.348915 0.244897 0.085583 0.334911 0.000000 0.059340 0.298441 0.108532 0.102753 0.075798 0.125345 0.289001 0.100851 0.095678 0.297094 0.198046 0.155805 0.192243 0.398194 0.363279 0.069888 0.324697 0.390514 0.430026 0.322951 0.244881 0.396848 0.165101 0.346186 0.300147 0.181426 0.005087 0.227243 0.196458 0.269866 0.054712 0.050196 0.344847 0.231501 0.014582 0.189888 0.369522 0.084625 0.153759 0.143184 0.148869 0.072887 0.167514 0.110199 0.076166 0.169186 0.007393 0.028235 0.290420 0.030897 0.154064 0.234733 0.233126 0.240043 0.130247 0.211134 0.159004 0.136438 0.059925 0.118995 0.403849 0.352033 0.237096 0.391737 0.406299 0.327709 0.372390 0.164212 0.265850 0.306898 0.179432 0.267549 0.383851 0.254672 0.127664 0.155787 0.236825 0.320839 0.212742 0.228188 0.352444 0.016973 0.065185 0.210801 0.326024 0.216594 0.085240 0.265090 0.135043 0.193322 0.445680 0.455653 0.412598 0.382931 0.026054 0.163722 0.167338 0.201259 0.085090 0.119751 0.239530 0.206668 0.052779 0.267004 0.210917 0.064468 0.122252 0.118018 0.340832 0.135210 0.071377 0.081514 0.113457 0.249369 0.017373 0.277332 0.232335 0.229722 0.123567 0.077283 0.196159 0.080864 0.075997 0.062870 0.112215 0.133095 0.101583 0.126325 0.319553 
0.137259 0.186537 0.152713 0.071484 0.182838 0.241908 0.253272 0.338218 0.267200 0.408077 0.186845 0.027599 0.393359 0.059340 0.000000 0.357321 0.049490 0.161636 0.016775 0.067244 0.347053 0.042970 0.154186 0.355225 0.256099 0.214872 0.250556 0.457286 0.421293 0.128925 0.383009 0.449606 0.488160 0.382043 0.302895 0.454862 0.222963 0.404200 0.358657 0.239489 0.063324 0.285270 0.254565 0.327925 0.008076 0.108457 0.403017 0.289363 0.072723 0.247750 0.427829 0.143652 0.212851 0.202155 0.207858 0.013903 0.109026 0.168448 0.017314 0.227313 0.054975 0.086419 0.348609 0.038450 0.212405 0.292607 0.291049 0.298057 0.188644 0.269744 0.217675 0.194603 0.118014 0.177074 0.461984 0.410047 0.295042 0.449751 0.464313 0.385572 0.430404 0.222339 0.323891 0.364912 0.237501 0.325578 0.441865 0.312711 0.185853 0.214124 0.295053 0.378853 0.270815 0.286202 0.410458 0.074992 0.006443 0.151584 0.268143 0.275674 0.144295 0.323104 0.194014 0.134333 0.386842 0.396657 0.353609 0.442024 0.085168 0.105722 0.226430 0.259273 0.143126 0.177856 0.297544 0.264682 0.110759 0.325018 0.268972 0.122482 0.180564 0.059180 0.398846 0.075973 0.012622 0.022338 0.171496 0.307231 0.075388 0.335346 0.290197 0.170737 0.064729 0.018324 0.138278 0.138727 0.016832 0.003852 0.170229 0.073858 0.042890 0.184414 0.377567 
0.221158 0.543505 0.207443 0.427414 0.176373 0.116540 0.105012 0.019763 0.091609 0.050819 0.542311 0.382857 0.036560 0.298441 0.357321 0.000000 0.406273 0.197229 0.373825 0.423406 0.011212 0.398625 0.204289 0.002512 0.102826 0.143668 0.108733 0.100294 0.066153 0.230858 0.027332 0.093105 0.132388 0.025024 0.055695 0.099371 0.139086 0.049161 0.002967 0.120189 0.295396 0.073519 0.104589 0.032663 0.352346 0.251231 0.046862 0.074112 0.286559 0.111930 0.071762 0.216724 0.148743 0.156774 0.151935 0.370809 0.465183 0.189544 0.374133 0.131251 0.305090 0.273092 0.009843 0.328920 0.146405 0.066242 0.069208 0.062575 0.170749 0.090584 0.142761 0.163954 0.241694 0.181818 0.105499 0.055549 0.065061 0.094670 0.108888 0.031046 0.074667 0.136423 0.034469 0.009505 0.122082 0.034077 0.086359 0.047864 0.173433 0.144665 0.064040 0.023119 0.087621 0.074708 0.054721 0.283489 0.363387 0.508584 0.624205 0.083238 0.216048 0.035167 0.165841 0.491318 0.743746 0.753707 0.710900 0.084723 0.274034 0.461098 0.132607 0.102332 0.216691 0.183447 0.062018 0.098123 0.251464 0.035875 0.091220 0.238693 0.178123 0.416173 0.043400 0.432940 0.369052 0.379328 0.188743 0.053017 0.285576 0.025453 0.069912 0.527367 0.421406 0.374625 0.493619 0.225100 0.374056 0.360625 0.191280 0.430845 0.399357 0.174494 0.022313 
0.185507 0.140744 0.199178 0.025448 0.230077 0.289994 0.301334 0.386647 0.315290 0.456507 0.140166 0.025292 0.441963 0.108532 0.049490 0.406273 0.000000 0.209244 0.033260 0.020811 0.395110 0.008254 0.202187 0.403996 0.303612 0.262903 0.297679 0.505907 0.469122 0.175825 0.431078 0.498218 0.535919 0.430505 0.350791 0.500935 0.268517 0.449759 0.406557 0.286429 0.111057 0.332795 0.301836 0.374921 0.054361 0.155808 0.450514 0.334724 0.120595 0.295071 0.476332 0.191490 0.261313 0.250572 0.255537 0.035776 0.063981 0.217036 0.032701 0.275310 0.101614 0.134094 0.396886 0.083408 0.260155 0.340765 0.338671 0.343793 0.235755 0.315807 0.264026 0.242574 0.165101 0.224731 0.509645 0.456717 0.341732 0.496206 0.512011 0.431845 0.478051 0.269948 0.371849 0.410805 0.284282 0.372838 0.489204 0.359452 0.233304 0.262204 0.342779 0.426461 0.318652 0.331787 0.457099 0.122806 0.043554 0.105102 0.222337 0.324138 0.191250 0.371218 0.241533 0.088698 0.338518 0.349055 0.307256 0.490635 0.133682 0.060016 0.275038 0.305008 0.189894 0.223728 0.344295 0.308617 0.155574 0.371728 0.315070 0.168544 0.228462 0.012686 0.446132 0.026792 0.037485 0.027235 0.217537 0.354328 0.121415 0.381135 0.337695 0.124378 0.020108 0.031742 0.093279 0.183758 0.034149 0.046811 0.215863 0.025157 0.007078 0.231829 0.425061 
0.024421 0.346276 0.010392 0.230185 0.021654 0.081231 0.092922 0.177556 0.106244 0.247407 0.345728 0.185952 0.233259 0.102753 0.161636 0.197229 0.209244 0.000000 0.177046 0.226352 0.187009 0.202353 0.007534 0.195607 0.096151 0.053776 0.090021 0.296845 0.261389 0.033999 0.222372 0.289157 0.328460 0.221475 0.143155 0.294122 0.063357 0.243853 0.197731 0.079569 0.098448 0.125678 0.093884 0.167447 0.155172 0.054709 0.243053 0.129589 0.089349 0.087975 0.267770 0.020109 0.052251 0.041528 0.047340 0.173836 0.268381 0.008996 0.177265 0.067797 0.107977 0.076707 0.189115 0.131949 0.052995 0.133964 0.131900 0.137577 0.027953 0.108636 0.057005 0.034734 0.044685 0.017255 0.302037 0.250237 0.135183 0.289370 0.304100 0.225902 0.270609 0.062506 0.163773 0.204255 0.077507 0.165717 0.281745 0.152926 0.026130 0.054221 0.135259 0.218094 0.110323 0.126028 0.249701 0.086770 0.166274 0.312052 0.427281 0.115000 0.019174 0.162861 0.032896 0.294599 0.546574 0.556916 0.513804 0.281591 0.078280 0.264325 0.065994 0.098800 0.019584 0.017648 0.136788 0.104417 0.054372 0.164858 0.108580 0.041721 0.020886 0.219147 0.238673 0.236015 0.172249 0.182319 0.011298 0.147604 0.088437 0.175009 0.130644 0.330502 0.225140 0.178113 0.297336 0.028375 0.176989 0.163929 0.010169 0.233917 0.202238 0.023991 0.217876 
0.153223 0.170879 0.167348 0.055658 0.197958 0.257917 0.269273 0.354560 0.283231 0.424411 0.170582 0.012011 0.409763 0.075798 0.016775 0.373825 0.033260 0.177046 0.000000 0.050840 0.363048 0.028150 0.169989 0.371836 0.272502 0.230781 0.265621 0.473848 0.437381 0.143486 0.399019 0.466159 0.504809 0.398446 0.319030 0.469825 0.237433 0.418873 0.374498 0.255271 0.078734 0.301629 0.270193 0.343798 0.022804 0.124510 0.419402 0.303666 0.087809 0.262685 0.444232 0.159407 0.229254 0.218474 0.223414 0.003625 0.094191 0.184855 0.000790 0.243740 0.070148 0.102585 0.365189 0.052998 0.228636 0.308553 0.307052 0.312730 0.203694 0.284417 0.232594 0.211060 0.133370 0.193284 0.478387 0.425548 0.309749 0.465096 0.480428 0.400172 0.446701 0.238633 0.340057 0.379695 0.253148 0.341728 0.458094 0.328080 0.201883 0.230600 0.311608 0.394405 0.286535 0.300875 0.425193 0.090554 0.011063 0.135342 0.252428 0.292002 0.159140 0.339160 0.209474 0.118825 0.370607 0.379912 0.337393 0.458427 0.101531 0.090231 0.242834 0.273946 0.158402 0.192438 0.313037 0.279355 0.124945 0.340474 0.283612 0.137434 0.196962 0.043307 0.415022 0.059416 0.005036 0.006151 0.186143 0.322740 0.089593 0.350025 0.305639 0.155206 0.050244 0.003382 0.123464 0.153047 0.004567 0.016389 0.184901 0.057301 0.027428 0.200240 0.393795 
0.202983 0.120878 0.217405 0.005167 0.247309 0.307554 0.319253 0.403720 0.332390 0.473571 0.120059 0.042291 0.459604 0.125345 0.067244 0.423406 0.020811 0.226352 0.050840 0.000000 0.413029 0.025157 0.219651 0.421939 0.322482 0.279940 0.315303 0.523006 0.487361 0.192729 0.448700 0.515317 0.554788 0.447606 0.369010 0.519804 0.287832 0.468835 0.423980 0.305315 0.128936 0.351609 0.320173 0.393788 0.072796 0.174495 0.469382 0.354066 0.138082 0.313092 0.494114 0.208574 0.278414 0.267705 0.272669 0.053736 0.043867 0.234841 0.050870 0.294142 0.120218 0.152868 0.415457 0.103397 0.278582 0.359393 0.357315 0.362722 0.253323 0.333783 0.281897 0.261076 0.183491 0.243600 0.528368 0.475528 0.359729 0.515076 0.530408 0.450549 0.496954 0.288719 0.390118 0.429675 0.303162 0.391708 0.508073 0.378259 0.252062 0.280549 0.361587 0.444385 0.336561 0.350837 0.475189 0.140763 0.060856 0.086257 0.201758 0.341161 0.208298 0.389140 0.258633 0.069375 0.320658 0.330753 0.287776 0.507769 0.150808 0.039578 0.292172 0.323908 0.208415 0.242576 0.363033 0.329428 0.175369 0.390629 0.333846 0.187413 0.246987 0.008995 0.465001 0.009891 0.055150 0.046613 0.236301 0.373033 0.139969 0.400005 0.356056 0.105401 0.003201 0.049904 0.072701 0.203666 0.054715 0.066740 0.234934 0.007807 0.024672 0.250336 0.443964 
0.210746 0.532293 0.196294 0.416915 0.165808 0.105997 0.094271 0.010090 0.081546 0.061457 0.532223 0.372706 0.046902 0.289001 0.347053 0.011212 0.395110 0.187009 0.363048 0.413029 0.000000 0.388549 0.193378 0.008996 0.092420 0.133817 0.097847 0.110863 0.074389 0.220583 0.036230 0.103175 0.141822 0.035400 0.044621 0.107847 0.127904 0.057343 0.011879 0.109055 0.284708 0.062674 0.093649 0.021807 0.341214 0.240620 0.056416 0.062930 0.275395 0.100744 0.081271 0.206892 0.139712 0.147318 0.141675 0.359739 0.454468 0.178802 0.363385 0.121577 0.294027 0.262253 0.002517 0.317731 0.135936 0.055799 0.058243 0.051482 0.159920 0.080065 0.132233 0.153525 0.230634 0.171637 0.115347 0.063730 0.053881 0.102851 0.117441 0.039359 0.083936 0.125883 0.024060 0.017897 0.110915 0.023023 0.095107 0.036874 0.162436 0.134391 0.053960 0.031838 0.076787 0.063525 0.063469 0.272543 0.352579 0.497859 0.613978 0.073521 0.205659 0.024269 0.155492 0.480232 0.732616 0.742958 0.699846 0.095577 0.264596 0.450953 0.123801 0.091173 0.205510 0.172424 0.051225 0.087064 0.240288 0.024919 0.080465 0.227505 0.167667 0.405188 0.052120 0.421754 0.358384 0.368140 0.177752 0.041961 0.274402 0.014282 0.058726 0.516329 0.410740 0.363536 0.483684 0.214159 0.362879 0.349813 0.180173 0.419700 0.388410 0.163747 0.030946 
0.178613 0.145174 0.194561 0.029446 0.223712 0.283323 0.294787 0.379075 0.307617 0.448640 0.144344 0.018134 0.434817 0.100851 0.042970 0.398625 0.008254 0.202353 0.028150 0.025157 0.388549 0.000000 0.195225 0.397223 0.297791 0.255362 0.291833 0.498204 0.462837 0.169894 0.424479 0.490389 0.530148 0.422607 0.344424 0.496388 0.265236 0.445791 0.399930 0.281091 0.104851 0.326968 0.295998 0.369406 0.049326 0.149966 0.444741 0.331469 0.114541 0.289787 0.469330 0.184310 0.253483 0.242637 0.248702 0.030075 0.067121 0.210211 0.028139 0.269355 0.096484 0.128401 0.390741 0.080802 0.254202 0.335113 0.333047 0.339601 0.230022 0.310742 0.258880 0.236399 0.160204 0.218879 0.503663 0.452117 0.336995 0.491333 0.505909 0.427651 0.472167 0.263932 0.365395 0.406445 0.279202 0.367109 0.483628 0.354740 0.227646 0.255909 0.336947 0.420387 0.312364 0.327907 0.451984 0.116845 0.037654 0.110939 0.225660 0.316268 0.184866 0.364652 0.234497 0.093018 0.345415 0.355751 0.312640 0.482705 0.125733 0.063010 0.267104 0.300805 0.185058 0.219398 0.339076 0.306243 0.152748 0.366877 0.310732 0.164378 0.222300 0.017982 0.440669 0.034977 0.031975 0.024010 0.213116 0.349311 0.117347 0.376942 0.332312 0.129335 0.023454 0.025327 0.095316 0.180986 0.032095 0.043858 0.211985 0.032862 0.001176 0.225904 0.419205 
0.017485 0.339216 0.003273 0.223652 0.028818 0.088168 0.099618 0.184651 0.113263 0.254504 0.339108 0.179516 0.239979 0.095678 0.154186 0.204289 0.202187 0.007534 0.169989 0.219651 0.193378 0.195225 0.000000 0.202362 0.102843 0.060822 0.096662 0.303942 0.267721 0.027293 0.229254 0.296253 0.335200 0.228478 0.149413 0.301170 0.070058 0.250566 0.204904 0.085995 0.091755 0.132026 0.100780 0.174208 0.148165 0.047712 0.249794 0.136291 0.082270 0.094616 0.274474 0.013823 0.059347 0.048588 0.054421 0.166720 0.261233 0.015327 0.170152 0.074502 0.101065 0.069261 0.195880 0.124862 0.059329 0.140300 0.138154 0.144415 0.034849 0.115815 0.064062 0.041498 0.037622 0.024018 0.308724 0.256939 0.141825 0.296107 0.310820 0.232567 0.277313 0.069078 0.170477 0.211221 0.084069 0.172069 0.288486 0.159649 0.032508 0.060972 0.141999 0.225162 0.117224 0.132729 0.256792 0.079648 0.159269 0.304935 0.420600 0.122096 0.012443 0.169504 0.040083 0.287154 0.539538 0.549880 0.506768 0.288655 0.071553 0.257795 0.073055 0.105583 0.012522 0.024314 0.143879 0.111111 0.047309 0.171739 0.115593 0.034634 0.027410 0.212111 0.245444 0.228868 0.165230 0.175228 0.017985 0.154226 0.081374 0.181728 0.137134 0.323385 0.217769 0.170734 0.290475 0.021307 0.169927 0.156868 0.016888 0.226795 0.195171 0.030773 0.224324 
0.219011 0.541223 0.205224 0.425396 0.174715 0.114385 0.102942 0.018346 0.090211 0.052852 0.541036 0.381455 0.038195 0.297094 0.355225 0.002512 0.403996 0.195607 0.371836 0.421939 0.008996 0.397223 0.202362 0.000000 0.100677 0.142491 0.106814 0.102081 0.066533 0.229381 0.027892 0.094401 0.132982 0.026861 0.053481 0.099763 0.136641 0.049494 0.003608 0.117976 0.293222 0.071247 0.102376 0.030481 0.350059 0.248963 0.047800 0.071834 0.284327 0.109722 0.072624 0.215267 0.147860 0.155615 0.150245 0.368593 0.463018 0.187108 0.372221 0.129669 0.302646 0.270757 0.007868 0.326421 0.144417 0.064325 0.066994 0.060349 0.168647 0.088895 0.140911 0.161537 0.239197 0.179888 0.106788 0.055705 0.062846 0.095011 0.109216 0.031437 0.075435 0.134210 0.032492 0.009896 0.119860 0.031855 0.086756 0.045656 0.170999 0.142339 0.061909 0.023745 0.085390 0.072432 0.055350 0.281376 0.361223 0.506693 0.622529 0.081738 0.214415 0.032936 0.164385 0.489105 0.741298 0.751748 0.708409 0.086867 0.272693 0.459696 0.131864 0.100124 0.214413 0.181275 0.059871 0.095913 0.249186 0.033483 0.089074 0.236194 0.175845 0.413751 0.043738 0.430732 0.366988 0.377064 0.186592 0.050810 0.283293 0.023175 0.067631 0.525181 0.418980 0.372412 0.492217 0.222938 0.371604 0.358607 0.189018 0.428637 0.397274 0.172315 0.022760 
0.119844 0.441632 0.105162 0.326172 0.075187 0.015152 0.003318 0.083229 0.012180 0.153082 0.441661 0.281895 0.138480 0.198046 0.256099 0.102826 0.303612 0.096151 0.272502 0.322482 0.092420 0.297791 0.102843 0.100677 0.000000 0.042896 0.007218 0.202345 0.166319 0.130036 0.128166 0.194705 0.232366 0.127042 0.048086 0.198884 0.036976 0.148754 0.103935 0.017573 0.193779 0.029889 0.002336 0.072034 0.249956 0.148746 0.147039 0.034439 0.184790 0.009860 0.172826 0.115972 0.048325 0.056048 0.051108 0.268888 0.363814 0.087847 0.272846 0.029313 0.202609 0.170702 0.093507 0.226184 0.044248 0.038307 0.036094 0.042422 0.069323 0.015042 0.041609 0.061612 0.139377 0.079528 0.206099 0.155047 0.040636 0.194169 0.208887 0.130746 0.174686 0.033904 0.068663 0.109017 0.019427 0.069970 0.186042 0.057889 0.070943 0.042478 0.039370 0.123790 0.016133 0.031191 0.155279 0.181974 0.262032 0.406356 0.523431 0.020949 0.115094 0.068173 0.064827 0.389066 0.641122 0.651520 0.608825 0.187125 0.173305 0.360301 0.032397 0.003622 0.114100 0.080942 0.041769 0.009294 0.149182 0.069783 0.014204 0.135929 0.075932 0.314049 0.143094 0.330155 0.267838 0.276637 0.087055 0.052425 0.183448 0.079922 0.035559 0.425163 0.319767 0.272678 0.392766 0.122580 0.271386 0.258320 0.088612 0.328133 0.297863 0.072282 0.122087 
0.077810 0.400026 0.064034 0.283955 0.032896 0.028273 0.039582 0.124208 0.052746 0.193684 0.399032 0.239252 0.179814 0.155805 0.214872 0.143668 0.262903 0.053776 0.230781 0.279940 0.133817 0.255362 0.060822 0.142491 0.042896 0.000000 0.037239 0.243120 0.208195 0.087358 0.169290 0.235431 0.275179 0.167977 0.089967 0.241341 0.010626 0.191120 0.144925 0.026575 0.152163 0.072541 0.040973 0.114341 0.208948 0.107844 0.189632 0.076859 0.143079 0.035194 0.214324 0.073133 0.006009 0.013644 0.008555 0.227482 0.321745 0.046563 0.230950 0.014444 0.161753 0.130016 0.135721 0.185534 0.003697 0.080845 0.078706 0.084823 0.027364 0.055905 0.004269 0.020957 0.098369 0.038990 0.248574 0.197507 0.082402 0.236628 0.250957 0.173147 0.217206 0.009353 0.110339 0.151474 0.024642 0.112525 0.228324 0.100220 0.030171 0.001817 0.082061 0.165071 0.057476 0.073297 0.196668 0.140344 0.219962 0.365660 0.480753 0.061393 0.072455 0.109672 0.022353 0.347976 0.600350 0.610692 0.567581 0.227842 0.131117 0.317630 0.012327 0.046023 0.073244 0.040173 0.083983 0.051663 0.108022 0.112155 0.055877 0.095305 0.035360 0.272923 0.185307 0.289553 0.225918 0.235930 0.045575 0.094807 0.142136 0.122292 0.077702 0.384110 0.278503 0.231308 0.350345 0.081981 0.230641 0.217584 0.047992 0.287502 0.255944 0.031175 0.164709 
0.114078 0.435206 0.098868 0.319402 0.068369 0.009258 0.004076 0.089077 0.017640 0.159003 0.434708 0.275491 0.144405 0.192243 0.250556 0.108733 0.297679 0.090021 0.265621 0.315303 0.097847 0.291833 0.096662 0.106814 0.007218 0.037239 0.000000 0.208310 0.172130 0.122858 0.133533 0.200677 0.239584 0.132860 0.053787 0.204605 0.030387 0.154067 0.108991 0.012385 0.188050 0.036469 0.005034 0.078616 0.243915 0.144374 0.154206 0.039695 0.178368 0.003506 0.178901 0.109897 0.043126 0.050731 0.044209 0.262814 0.357895 0.082375 0.265785 0.025322 0.196972 0.165794 0.100365 0.220266 0.039455 0.044693 0.042471 0.047936 0.062383 0.019302 0.034466 0.057279 0.133388 0.075391 0.213156 0.160550 0.045163 0.199843 0.215222 0.135983 0.181738 0.029628 0.074929 0.114680 0.014126 0.076457 0.192881 0.063423 0.066014 0.038114 0.046527 0.129161 0.021425 0.036082 0.160305 0.175575 0.255008 0.400389 0.516318 0.026648 0.108009 0.073922 0.058273 0.383672 0.635190 0.645532 0.602421 0.193089 0.168040 0.353865 0.027217 0.009102 0.108413 0.075032 0.047825 0.014624 0.142862 0.075486 0.019158 0.130037 0.071421 0.307763 0.149820 0.324252 0.260894 0.270662 0.080424 0.058210 0.176976 0.085248 0.041229 0.419270 0.314431 0.267282 0.387130 0.116698 0.265454 0.252387 0.082712 0.322230 0.291314 0.067359 0.128749 
0.320719 0.643079 0.307154 0.526864 0.275898 0.215990 0.204621 0.119291 0.190971 0.053625 0.642075 0.482309 0.064308 0.398194 0.457286 0.100294 0.505907 0.296845 0.473848 0.523006 0.110863 0.498204 0.303942 0.102081 0.202345 0.243120 0.208310 0.000000 0.036867 0.330414 0.074842 0.007851 0.032799 0.075822 0.155240 0.005291 0.238331 0.056250 0.099413 0.219918 0.395234 0.173112 0.204210 0.132338 0.452006 0.350716 0.055571 0.173556 0.386093 0.211546 0.029685 0.315733 0.247911 0.256245 0.251313 0.470602 0.564652 0.288993 0.474070 0.231453 0.404662 0.372838 0.109370 0.428320 0.245976 0.166336 0.168796 0.162166 0.270160 0.190102 0.242125 0.263433 0.341278 0.281760 0.005761 0.049362 0.164562 0.010699 0.009477 0.077927 0.028884 0.236194 0.134175 0.096426 0.221772 0.133659 0.016888 0.147668 0.273080 0.244066 0.163452 0.079508 0.187317 0.174128 0.048878 0.383373 0.462870 0.608645 0.723636 0.182495 0.315299 0.134736 0.265190 0.591096 0.843259 0.853759 0.810489 0.016031 0.373654 0.560714 0.232212 0.201909 0.316311 0.283287 0.161675 0.197865 0.351089 0.135464 0.191086 0.338066 0.277612 0.515832 0.060344 0.532465 0.468827 0.478883 0.288603 0.152758 0.385199 0.125014 0.169372 0.627193 0.521061 0.474372 0.593180 0.324871 0.473523 0.460619 0.290916 0.530443 0.499018 0.274274 0.081086 
0.285126 0.606512 0.270318 0.491295 0.240164 0.180377 0.168622 0.084390 0.155799 0.020224 0.606613 0.447071 0.029792 0.363279 0.421293 0.066153 0.469122 0.261389 0.437381 0.487361 0.074389 0.462837 0.267721 0.066533 0.166319 0.208195 0.172130 0.036867 0.000000 0.294916 0.039295 0.029212 0.067479 0.041602 0.118471 0.033569 0.201780 0.019431 0.063861 0.183082 0.358985 0.136611 0.167699 0.095881 0.415231 0.314678 0.020572 0.136765 0.349704 0.174730 0.007362 0.281272 0.213979 0.221578 0.215988 0.433766 0.528848 0.253080 0.437724 0.195596 0.368092 0.336215 0.074073 0.391694 0.209876 0.129762 0.132191 0.125425 0.234276 0.154349 0.206502 0.227535 0.304652 0.245646 0.041061 0.012747 0.127827 0.028517 0.043119 0.041061 0.009627 0.199902 0.098071 0.059883 0.184936 0.096952 0.020867 0.110879 0.236454 0.208376 0.127950 0.043586 0.151143 0.137382 0.012909 0.346852 0.426912 0.571809 0.688311 0.147833 0.279973 0.098528 0.229804 0.554259 0.806633 0.816975 0.773863 0.021581 0.338930 0.525342 0.198036 0.165144 0.279527 0.246451 0.125248 0.161029 0.314305 0.098924 0.154533 0.301440 0.241676 0.479206 0.024681 0.495607 0.432717 0.442092 0.251932 0.115922 0.348419 0.088230 0.132638 0.590357 0.484914 0.437615 0.558018 0.288079 0.436897 0.423830 0.254122 0.493596 0.462743 0.237821 0.044492 
0.010514 0.313584 0.024967 0.197852 0.054864 0.115091 0.126807 0.211274 0.139809 0.280989 0.312371 0.153686 0.267056 0.069888 0.128925 0.230858 0.175825 0.033999 0.143486 0.192729 0.220583 0.169894 0.027293 0.229381 0.130036 0.087358 0.122858 0.330414 0.294916 0.000000 0.256245 0.322726 0.362332 0.255024 0.176565 0.327359 0.095368 0.276355 0.231525 0.112805 0.066678 0.159164 0.127728 0.201333 0.122435 0.023044 0.276926 0.161613 0.056826 0.120674 0.301595 0.015974 0.085832 0.075052 0.079980 0.141134 0.236531 0.042409 0.143656 0.101594 0.075585 0.044374 0.222899 0.098342 0.086227 0.166871 0.164896 0.170218 0.060867 0.141304 0.089407 0.068584 0.011635 0.051052 0.335922 0.283072 0.167294 0.322631 0.337963 0.258028 0.304406 0.096171 0.197591 0.237230 0.110682 0.199263 0.315618 0.185711 0.059556 0.088179 0.169131 0.251940 0.144024 0.158357 0.282728 0.054271 0.133265 0.278756 0.394211 0.148569 0.015707 0.196695 0.066052 0.262001 0.513245 0.523345 0.480392 0.315085 0.046160 0.231939 0.099488 0.131433 0.015978 0.050025 0.170571 0.136846 0.020765 0.198071 0.141257 0.008560 0.054551 0.186111 0.272545 0.202421 0.139174 0.148733 0.043719 0.180512 0.054860 0.207559 0.163629 0.297918 0.193045 0.146035 0.265209 0.011111 0.143388 0.130447 0.042384 0.200307 0.169912 0.057788 0.251416 
0.245965 0.568251 0.232326 0.452220 0.201452 0.141202 0.130049 0.045600 0.117074 0.025723 0.567931 0.408192 0.011153 0.324697 0.383009 0.027332 0.431078 0.222372 0.399019 0.448700 0.036230 0.424479 0.229254 0.027892 0.128166 0.169290 0.133533 0.074842 0.039295 0.256245 0.000000 0.067165 0.106087 0.002930 0.080742 0.072275 0.163582 0.022006 0.024848 0.145090 0.320405 0.098817 0.129401 0.057590 0.377177 0.276200 0.020948 0.098769 0.311316 0.136717 0.045611 0.241977 0.175106 0.182756 0.177156 0.395774 0.490030 0.214810 0.399242 0.157390 0.329825 0.298249 0.035644 0.353478 0.172095 0.091973 0.094460 0.087359 0.195384 0.115591 0.167681 0.189191 0.266436 0.207393 0.079859 0.028217 0.089788 0.067524 0.082004 0.004093 0.048448 0.161934 0.059862 0.021650 0.146944 0.059202 0.059377 0.072839 0.198356 0.170040 0.089579 0.004858 0.112488 0.099382 0.027786 0.308544 0.388080 0.533817 0.649479 0.108788 0.241151 0.060127 0.191096 0.516369 0.768418 0.778931 0.735648 0.059786 0.300178 0.486570 0.159229 0.127098 0.241483 0.208459 0.086847 0.123036 0.276261 0.060630 0.116258 0.263224 0.203595 0.440990 0.016301 0.457691 0.393986 0.404058 0.213774 0.077930 0.310370 0.050186 0.094595 0.552364 0.446737 0.399754 0.519462 0.250055 0.398681 0.385790 0.216088 0.455651 0.424189 0.199509 0.006648 
